4723
12451
20170
20701
21060
21436
21806
22040
22534
22900
23290
23426
13867
23830
24100
24409
24734
24936
25200
25484
25753
26127
26358
15574
26529
26922
27123
27380
27653
27883
28153
28283
28465
28638
16316
28777
28936
29079
29140
29333
29528
29669
29798
29945
30088
17344
30208
30317
30417
30535
30570
30712
30795
30944
31075
31189
17816
31291
31360
31457
31471
31566
31640
31728
31782
31837
31846
18500
31894
31953
32001
32077
32161
32262
32313
32373
32497
32500
19166
32544
32605
32571
32673
32714
32771
32752
32800
32810
32788
19696
32795
32841
32873
32874
32852
32847
32866
32925
32927
32904
609
